5
214 891
167 953 56
553 7568 37
539 9384 33
150 4488 11
20 4427 85
503 3014 83
186 9981 97
428 1000 97
528 352 47
875 429 100
129 2446 58
946 2262 47
895 5247 97
80 8606 73
498 9462 20
729 4054 96
99 5381 64
841 9073 40
610 1400 36
106 1055 89
918 849 33
647 355 64
979 4068 69
79 4055 84
200 2883 14
906 6233 59
648 4971 11
715 3341 40
124 2901 63
186 2261 37
824 1284 98
982 4232 45
896 1785 90
615 7223 35
158 9087 90
339 3343 82
844 1733 49
887 2726 22
670 8314 11
331 664 12
899 5948 43
112 6526 78
509 8946 23
767 149 58
272 3885 64
271 7261 49
225 7996 89
561 6380 62
323 3649 1
263 8313 43
598 483 21
948 2166 33
421 7377 31
404 6356 13
475 2435 97
421 5082 70
704 8630 63
658 3363 17
948 5094 59
321 9051 63
571 7444 59
225 7003 95
282 2207 57
783 7280 68
20 3304 16
19 5630 33
737 4836 52
544 963 13
119 2768 79
872 9829 4
473 321 12
6 3901 18
134 4156 12
233 8430 61
855 1498 51
563 1455 90
130 5571 100
43 8808 34
628 1312 68
307 612 36
706 4216 77
950 8125 26
518 1064 6
379 6 12
697 9870 36
446 2752 62
974 2327 78
83 4094 18
589 6649 26
273 9575 61
667 6514 97
617 5249 2
454 4231 92
113 2586 89
917 2548 70
31 7319 16
707 1581 52
316 8013 71
389 1104 79
255 2925 54
499 2678 16
817 6123 73
731 7561 98
341 9550 7
179 1721 30
781 8852 27
48 7663 38
149 6238 43
500 8409 72
502 8441 27
357 8044 90
238 1511 47
776 3538 73
15 517 41
436 8368 37
655 1992 22
36 5666 19
732 1006 69
606 633 58
224 3579 32
776 2149 22
775 6285 18
20 5622 55
36 2981 23
429 1638 78
476 9179 84
986 9885 9
188 1908 51
382 690 69
178 8700 41
826 1098 59
422 8485 43
514 2685 95
283 1664 5
869 6714 3
72 6515 65
1 6778 58
652 2376 26
871 6504 8
39 6535 41
894 8279 80
23 2375 53
740 5784 97
404 9437 21
621 9463 44
152 7674 11
710 818 8
888 7523 44
973 2643 53
959 2536 56
481 1056 31
86 4392 57
511 4499 84
701 4013 33
824 5850 79
169 5282 73
792 5816 32
674 9044 71
657 5217 87
192 1440 71
723 557 13
93 2196 38
591 3994 68
622 3346 71
563 7327 89
868 7533 32
455 6813 5
710 4838 90
824 5465 72
630 6530 59
405 7518 37
671 3604 25
160 4372 58
719 5081 36
552 6170 38
931 4813 61
585 9535 35
947 882 78
300 3878 77
189 6912 13
844 3690 5
326 2549 5
695 3492 24
987 221 72
531 2761 96
546 6223 59
190 6599 11
306 8862 21
15 8998 70
570 7166 68
617 4664 54
593 1906 12
972 3575 21
742 2107 76
60 3240 38
663 732 83
758 8914 66
374 3064 53
272 7545 87
312 1852 13
432 5309 95
852 7947 34
330 8 29
414 7917 22
90 9193 68
437 361 56
90 1500 38
28 6431 100
500 3761 1
872 4374 56
231 8980 55
528 2454 49
464 6079 44
305 45 92
489 1886 41
256 4819 57
133 5696 21
623 1020 61
599 8772 50
893 2417 53
674 1192 73
228 2322 21
699 1163 40
719 2131 8
391 1832 4
620 4987 9
675 8253 29
281 7549 42
547 5838 25
641 1386 25
857 5414 41
14 496 67
329 7997 100
805 665 7
925 9246 8
563 6394 49
580 5790 74
761 1966 93
793 9190 91
375 5917 12
758 3542 15
213 4255 42
662 757 77
871 2894 25
219 2090 5
33 5048 59
390 8069 93
301 306 69
332 6223 7
363 8378 50
363 9241 16
75 6629 79
753 1254 21
520 7078 7
486 8305 44
444 3771 1
966 1575 94
343 4794 38
9 2720 90
372 1610 32
90 7037 3
939 2188 100
657 7580 62
496 3768 54
579 4914 74
634 3365 74
767 9240 95
576 2402 5
703 7755 5
11 5744 18
854 3470 3
803 2188 4
775 7206 1
916 4036 40
283 9185 41
811 1728 35
204 1778 21
220 5838 5
840 1761 34
74 6097 59
471 1424 20
86 5682 13
625 1918 20
156 319 27
412 3048 25
751 9492 62
778 4802 73
951 8545 3
8 5982 5
648 1826 6
937 6298 91
991 3790 90
883 1989 63
350 2340 62
641 788 60
750 8572 84
39 9908 90
833 4904 14
799 9967 60
139 8525 46
705 7528 57
548 7495 33
913 1998 85
154 2535 56
223 2777 26
45 1868 1
915 6366 94
404 3363 94
155 6817 23
13 1719 57
492 2266 23
607 9977 55
384 6377 1
696 493 17
361 1148 68
904 9834 44
451 6518 30
264 4178 82
57 1719 77
271 9309 24
852 2387 99
926 2089 7
161 7377 97
659 335 70
366 9024 37
618 812 83
920 2438 78
311 805 33
51 8218 36
484 6008 48
798 1210 36
333 2100 44
171 2556 57
163 5115 64
825 2014 57
42 2612 17
334 7975 78
246 6081 23
680 6982 80
633 4192 31
913 3885 76
825 3019 72
988 6777 24
939 2561 49
694 9251 49
754 2241 39
380 5546 19
710 5195 62
775 2151 12
371 1242 94
553 8006 11
909 3449 18
556 6127 84
617 3465 7
753 5855 61
824 5013 86
83 5940 23
61 4827 71
127 6744 72
261 267 48
984 9246 43
91 7582 44
371 3185 80
166 1375 60
630 3601 29
689 6453 36
663 1412 42
700 7067 70
293 1911 27
825 4106 76
66 8912 63
644 7054 4
28 8511 76
578 3858 2
648 7605 82
727 7298 42
513 6214 69
403 4999 35
90 8001 89
200 1181 69
998 3748 46
352 1811 88
410 9434 7
753 2250 68
503 5626 89
586 8473 51
618 3132 26
862 5273 98
290 7690 51
201 2632 53
806 4116 35
526 6821 77
231 390 31
972 9635 14
959 381 3
574 6581 9
480 269 67
389 8683 1
946 4906 78
136 9989 72
378 626 54
669 3550 49
625 4309 35
507 9542 48
389 1231 86
391 6612 59
776 9415 7
867 7699 2
49 4826 24
443 3016 73
498 4600 54
924 710 74
610 8421 40
296 6340 42
525 5192 65
699 5995 99
101 7307 54
47 7041 99
956 9342 95
309 7779 89
579 1465 81
526 733 26
484 6241 1
275 396 72
742 2139 2
105 7886 46
602 3253 8
189 4399 23
299 4409 93
103 4470 38
643 7863 36
133 9994 77
359 5392 62
555 9431 70
507 8523 40
759 7391 91
828 8660 67
424 4682 18
123 4757 88
103 5645 31
694 2342 20
491 2411 64
141 2935 47
827 1454 68
737 3826 35
955 8007 69
242 6826 33
722 4402 2
710 8988 6
571 3737 51
102 591 94
396 5642 95
719 7771 74
330 9425 78
674 999 79
60 4823 26
959 8517 69
818 1622 75
403 9297 57
570 724 23
301 6716 31
335 3039 21
241 8004 32
93 8529 83
26 6105 65
378 8636 14
931 1180 51
328 1090 46
818 7960 10
270 2490 80
425 5769 89
723 5848 71
704 2947 81
817 2247 66
690 9334 22
549 3070 63
917 8163 3
887 1011 41
352 5463 27
576 8951 73
554 947 81
611 6073 91
689 4486 38
284 6727 4
884 422 58
575 28 57
799 3087 85
904 2927 62
344 3868 99
21 1381 15
66 6441 1
206 3437 80
808 1200 2
630 9100 20
605 5399 54
654 5411 86
965 5125 27
386 5461 35
479 3408 94
605 342 44
469 2369 12
96 8254 78
331 8011 47
326 5851 65
519 7754 12
48 7926 13
650 1630 60
425 6126 28
325 2943 47
854 6112 89
863 5656 7
323 2259 12
345 2089 5
977 5129 6
716 5676 34
62 9809 25
124 2083 88
28 2118 42
36 7856 44
448 1435 8
155 3303 69
820 5730 88
129 6886 15
513 1329 54
619 4107 93
267 1158 32
886 779 99
73 519 84
246 1739 61
947 4378 95
800 2302 90
608 4069 69
535 5672 60
966 5676 2
777 1090 4
522 495 61
675 2032 69
693 5023 86
357 9158 65
721 3173 81
544 5759 40
119 6790 11
769 1539 73
876 1470 88
283 6550 47
596 7697 37
248 6472 80
975 8417 21
661 4890 24
658 9063 7
240 242 18
109 9908 64
903 560 78
134 7253 31
493 7104 65
67 713 93
101 8838 93
726 5974 17
149 4453 69
846 9334 51
271 3861 31
550 6195 39
373 3694 48
351 2100 62
174 6661 47
521 5022 4
74 5270 77
301 1291 76
196 6288 55
82 9290 9
210 4454 98
91 5980 61
800 1979 81
219 8621 93
507 9602 97
154 4863 4
665 2626 62
749 5209 32
180 6226 31
506 9758 72
361 2595 24
703 2487 50
252 302 13
613 5202 99
123 1837 36
236 9334 23
825 1229 74
908 6045 94
336 8265 86
296 4099 58
674 1855 41
85 7399 58
927 169 80
802 201 55
278 7688 66
243 9021 46
724 8512 61
600 4810 2
287 5935 27
664 8744 97
131 2417 23
734 2815 49
209 4327 77
424 2762 93
492 283 43
120 4365 56
200 4221 95
623 3551 69
969 5540 52
138 8201 15
777 259 63
758 257 15
958 9494 73
142 7806 36
360 5979 39
1000 2540 85
145 4727 3
53 1069 90
691 8743 90
467 2068 77
275 4108 87
464 7108 9
492 9072 67
677 8627 50
590 736 36
432 9250 39
429 357 38
620 8632 65
87 6640 57
547 1818 70
463 822 17
386 7261 13
318 3706 8
218 6166 92
956 9856 12
1000 952 91
356 9895 22
832 1647 44
718 7659 88
593 1477 29
540 214 33
517 2922 26
599 929 16
298 1090 1
366 7658 62
148 1461 53
835 337 50
88 7210 60
552 2054 25
865 3426 2
723 1253 17
409 8902 12
742 5863 17
222 7603 44
780 6240 40
55 1458 38
500 4257 9
518 9143 71
336 9276 42
746 1180 52
417 2542 23
675 2149 14
331 2785 86
861 1315 50
86 4212 27
989 3479 92
880 9785 2
795 9966 18
608 6118 53
99 809 32
381 8996 70
922 9882 30
443 2958 74
294 4722 80
573 1030 46
623 1576 6
904 5240 41
707 5378 20
861 8793 5
539 2870 6
720 5265 55
304 2013 40
154 8480 15
23 6957 25
505 1873 55
530 6439 32
1 6920 90
963 1003 38
81 2966 20
30 321 2
807 757 52
580 3362 90
201 3794 45
567 9091 64
66 2571 84
23 5442 38
324 6615 80
159 4602 22
480 2667 70
712 131 95
32 4802 100
632 452 54
726 736 79
240 1141 92
764 2549 91
995 6362 38
692 7626 74
621 5787 58
532 3704 98
2 814 51
144 9114 71
795 3237 34
513 1042 39
659 5382 64
744 2270 73
58 7550 95
204 5491 18
389 5496 77
996 4255 59
225 4135 70
85 2181 48
288 3398 69
19 9848 63
12 1090 83
103 212 40
543 796 16
829 3273 62
49 2545 9
942 523 14
656 8487 30
617 3021 66
584 3759 57
124 2337 28
415 1273 8
969 9432 57
28 7695 65
385 4691 15
734 779 73
547 9284 38
644 4244 70
314 5058 50
721 1746 20
297 6956 58
606 4866 29
587 7455 97
801 8421 78
924 7049 65
197 1220 86
887 8917 18
767 446 3
660 2045 57
441 8861 91
288 2456 11
498 5328 48
979 3102 26
88 5027 87
659 3228 27
659 903 92
764 7573 16
499 8360 65
342 5240 61
297 1495 76
686 6871 61
172 7915 96
252 5660 1
168 1150 51
845 7827 90
5 4816 11
441 2015 59
511 7243 66
331 7772 3
739 2219 77
793 1854 49
289 1476 96
691 3096 45
269 2675 45
390 2273 69
723 8962 30
654 3209 92
279 3253 15
11 6591 66
598 753 33
498 3675 10
523 486 24
186 5733 17
686 6005 63
296 5807 23
785 3981 15
813 4818 88
708 1311 43
926 1574 13
709 5920 12
715 4229 34
17 160 31
749 8978 83
930 7807 56
425 3322 10
812 61 71
467 8249 1
277 6143 53
627 8547 54
212 740 16
763 9130 61
348 360 64
83 9955 42
633 6030 79
604 3428 88
159 3344 72
395 7424 74
303 9478 15
496 7108 11
71 2617 21
134 7337 10
860 5833 53
70 416 77
694 2681 66
603 9188 19
68 9967 45
106 7521 85
311 4281 94
685 1965 39
753 7705 12
355 3733 31
559 2161 57
45 6188 29
104 2891 13
398 68 83
938 3394 70
57 3349 88
74 6236 16
770 2610 21
954 2612 92
361 773 45
311 8125 94
700 903 57
605 9601 38
8 8538 78
185 7990 92
836 6203 83
430 2994 38
792 4532 84
7 1543 38
608 6612 4
806 1961 29
529 4986 91
728 4430 73
79 356 25
955 6415 47
388 8623 53
906 6388 12
216 8238 4
497 3167 77
499 3270 61
59 6798 40
541 2089 53
472 8546 81
571 5667 57
503 5505 48
58 5144 75
46 1085 53
741 5379 91
650 3397 94
531 6247 24
461 3528 91
618 7646 59
168 3661 51
830 9370 93
575 4561 59
494 7323 36
810 8198 25
100 4786 2
312 9505 6
870 7684 16
187 5215 83
446 3857 9
876 8685 45
573 6683 53
882 9080 66
982 7776 68
154 6560 37
107 2300 38
122 1854 50
195 2221 96
105 2630 63
423 5109 34
161 6326 95
721 2570 36
489 4908 31
559 2451 43
973 8456 41
521 7939 59
956 735
109 2406 30
746 8436 22
576 2581 48
257 998 91
854 630 74
305 4493 86
52 7440 11
199 6250 2
307 1414 10
565 9179 85
724 5092 35
653 8814 56
640 7638 25
206 2081 84
378 9603 45
756 5601 4
703 4816 17
971 5275 39
567 914 38
385 3683 15
740 3657 45
143 7987 88
96 2978 75
201 5125 11
944 2729 2
969 6563 81
105 8050 92
910 3122 43
691 8296 15
331 1162 42
111 6642 27
457 7837 53
463 922 27
709 1137 49
595 2665 83
240 7149 69
954 7421 96
411 7120 11
669 8346 15
58 1317 41
947 2208 7
740 7932 2
966 2723 21
624 4024 96
144 7894 31
837 6515 20
163 2966 18
567 6461 15
119 7916 53
118 1290 56
542 9996 93
4 942 12
763 423 76
715 8662 90
262 2102 98
15 1174 29
928 866 80
310 2809 47
729 4662 56
348 731 46
82 6326 69
612 6607 34
520 6878 51
886 1785 59
690 7803 45
805 889 5
11 2743 14
533 7969 60
833 271 14
280 7768 88
622 8502 69
513 3858 73
698 565 69
974 8445 67
59 585 40
872 5574 68
59 2464 38
342 1664 62
721 7561 52
349 8399 65
395 9471 6
801 7888 69
845 6027 10
953 5714 20
217 5115 42
687 3658 96
808 3399 68
926 5332 25
412 2688 25
403 4876 33
320 4909 49
594 756 13
694 1753 11
490 427 43
74 3749 87
554 1288 24
86 1200 3
858 3634 74
112 9990 88
104 2364 99
406 1252 86
872 5742 9
942 2921 97
398 3415 42
232 1275 30
243 599 79
699 2256 73
963 3407 17
424 3194 78
200 6897 25
782 5169 93
205 4288 15
389 2723 31
957 7923 43
230 6328 15
672 8024 3
617 5631 18
475 4839 22
269 3836 93
279 2839 83
11 8924 87
789 7011 69
191 592 12
537 644 37
89 6937 70
358 2630 23
158 141 52
621 9602 69
836 9440 92
219 5750 64
649 799 6
97 9780 80
318 692 73
61 8233 42
671 4990 95
568 6461 78
342 8235 68
122 5777 34
350 3294 55
802 781 54
87 2958 43
876 93 67
688 1480 59
729 8392 8
77 5551 95
194 4061 31
679 6362 47
241 1209 56
744 4730 42
406 1958 20
727 7677 88
976 8630 6
925 4943 3
543 4966 77
115 9959 39
935 1156 78
331 2494 2
520 8345 33
5 6241 97
576 302 25
707 9957 58
377 7884 75
1000 3545 50
528 210 3
723 7175 23
396 7553 59
463 2619 28
671 3628 91
707 1054 4
484 5796 80
99 171 71
774 5958 52
96 8418 20
817 860 83
256 2246 69
1000 7439 73
553 474 79
111 7702 75
264 9114 38
381 7450 44
656 7891 12
328 9885 50
108 7556 33
643 1802 79
11 9055 49
871 462 3
799 6009 76
957 9132 59
219 5601 59
495 5051 37
84 599 11
697 4966 80
123 3126 15
651 9421 95
771 4749 98
53 9726 62
44 8613 84
952 8366 76
447 7624 32
379 5244 5
55 3978 6
336 5047 61
731 4112 27
829 6051 55
236 8960 26
616 87 77
917 3282 80
194 5085 18
267 7422 7
445 6212 81
59 5712 37
682 3942 63
73 1620 21
2 3078 48
581 630 84
230 1147 33
476 8678 49
813 3954 53
106 2655 59
644 1956 73
57 1688 89
20 5348 79
718 4600 48
986 2096 68
92 8427 95
426 8479 72
195 8450 6
505 2175 18
369 5639 95
711 3225 13
903 9118 41
620 8564 61
75 3129 85
751 8354 74
958 20 53
865 1484 34
563 527 37
385 6549 93
113 8773 51
439 1913 66
554 962 15
995 1233 4
526 4803 47
681 3956 4
289 6212 25
172 2185 90
929 734 62
410 5153 20
416 1403 70
474 2938 18
363 1328 70
211 4788 76
117 1676 31
278 6956 7
537 9691 6
233 1588 67
743 5516 40
686 4684 10
504 5137 20
586 255 98
131 2675 94
177 7033 3
583 6277 65
346 5006 50
270 4802 67
632 2045 9
188 2016 60
184 3224 29
867 2855 25
683 2446 51
130 5735 10
191 2668 89
871 8606 82
697 4836 27
363 1484 89
787 1307 59
266 5755 40
29 6365 57
714 3457 58
416 932 38
744 2229 93
326 8111 50
523 4373 19
281 4404 55
176 5814 54
206 5484 41
951 5688 81
24 8572 45
859 1457 37
478 9164 70
786 1746 7
409 8900 27
657 707 43
767 7046 44
86 9412 15
301 8448 13
496 4397 18
484 6721 79
989 8972 81
428 17 78
142 1168 90
751 1258 75
33 8479 89
162 9023 13
24 1434 70
17 1670 60
352 7298 37
582 3124 25
539 7057 77
982 3738 7
38 5530 4
503 828 65
795 2494 74
368 1671 56
3 3349 97
352 9819 98
281 2604 90
420 3355 77
446 2473 7
965 4031 47
273 5186 81
986 6246 38
360 4428 16
495 4663 32
83 669 67
113 1177 49
325 8899 3
485 4163 2
266 257 87
874 8949 88
624 7903 35
716 6685 18
419 4482 27
348 9890 65
966 5221 93
320 7879 39
712 9006 13
17 9582 98
46 238 89
987 7079 22
309 3486 42
654 9240 70
86 975 29
414 1344 65
489 9245 17
505 1789 6
680 1801 85
559 6130 58
680 8808 31
215 6418 87
287 5524 86
154 6948 69
8 3047 49
691 4530 23
707 8551 21
3 1872 67
746 2827 22
62 6921 35
988 7948 14
690 9887 88
443 8136 62
739 1265 65
750 3346 94
736 1365 84
467 69 25
611 7597 61
849 5939 57
194 4767 58
444 7218 60
361 2388 61
388 279 93
403 6924 73
582 9434 69
886 2928 16
586 2184 3
223 5913 15
98 4170 66
936 6438 87
293 6953 14
750 4513 87
358 4977 65
175 103 47
49 385 61
478 468 22
136 8792 29
673 4120 26
4 5932 44
500 2630 56
253 8467 51
679 9662 60
75 5364 67
965 4747 92
475 121 14
543 3246 60
255 748 19
656 9969 46
788 1761 68
731 8755 80
914 4510 26
30 4910 68
390 2143 71
546 945 65
252 9382 15
797 1418 3
33 7549 87
966 5513 27
578 1614 97
721 7663 11
87 829 49
462 1260 47
808 780 68
573 1152 4
106 2686 71
261 4964 42
158 8201 73
385 1895 67
921 813 53
75 1089 69
816 371 68
660 3427 20
716 1599 36
11 7137 58
898 7254 19
148 3104 13
2 1244 25
421 435 51
187 3078 21
979 7257 36
857 8878 4
45 93 72
472 2112 74
637 459 21
373 4491 18
900 9307 42
204 7651 77
616 8171 31
675 1503 20
629 4523 85
878 89 52
260 1114 28
431 2958 33
715 6166 90
355 8938 56
923 1078 90
380 1769 26
721 9441 30
276 2948 69
275 5461 11
676 2143 64
642 244 2
178 2116 18
866 221 15
680 5558 79
19 2201 100
81 3624 96
568 711 4
713 1177 85
270 7112 68
986 1448 64
387 5764 87
183 1765 5
872 8994 3
844 5521 51
616 3263 54
497 2383 48
582 8572 20
205 2709 86
646 5333 78
654 1529 19
132 5374 52
381 2960 14
448 6018 22
67 6165 35
390 8109 44
756 3533 32
35 7101 28
908 5849 70
714 1556 77
684 6969 97
644 7861 15
600 3220 52
486 7897 96
281 629 16
373 589 24
728 1936 45
646 5598 65
23 6242 60
346 246 97
183 9769 99
353 9062 37
91 4489 100
968 8571 99
480 1788 74
981 9658 7
198 4345 9
285 2098 79
59 1348 90
352 268 51
447 8628 39
846 1601 28
457 3345 66
106 1371 95
64 9484 62
917 3518 39
746 3466 47
87 1703 30
996 4187 11
778 8107 35
691 6806 3
385 7223 21
902 4368 77
708 9953 18
549 1893 15
246 4633 46
780 9057 65
79 7115 68
948 3348 62
53 425 75
973 781 79
160 4086 39
645 3202 83
535 804 73
800 1745 2
144 4839 67
731 9644 41
124 6942 62
478 1023 66
526 7132 31
170 8784 16
36 2962 8
514 3162 79
48 6215 100
772 3697 99
704 8170 54
144 6212 49
91 1687 64
340 8054 73
399 5838 22
986 8668 90
737 7993 54
929 312 49
557 7474 80
66 5923 66
475 9519 77
196 651 66
698 4234 6
724 5294 54
287 1231 62
860 3436 85
616 9361 93
187 209 51
412 1534 62
609 605 28
975 1130 12
407 7513 93
588 4269 88
120 3214 96
268 8053 50
476 827 16
242 997 87
598 9501 10
56 3958 89
918 8812 42
28 30 78
488 351 23
293 1009 44
682 2529 25
650 1061 4
609 2223 97
822 6442 21
104 9497 19
832 2271 66
92 3063 67
807 5691 36
552 9703 55
977 1272 95
100 3852 93
915 1991 87
89 6452 94
173 6608 59
793 4095 32
158 8510 51
769 325 86
61 3288 48
317 8514 76
202 9265 49
833 7001 18
540 9880 25
872 2472 28
294 5319 65
455 7398 82
360 6020 46
696 2945 68
436 6528 83
402 1765 80
666 608 44
68 4869 2
154 1322 55
57 651 85
530 3568 81
666 5678 10
915 7106 52
116 5641 69
159 8692 83
854 7243 39
391 3148 55
119 1079 73
38 4084 30
173 1570 63
337 1925 89
315 556 81
625 1304 71
42 3781 81
952 3560 61
830 5298 23
786 810 22
521 2570 5
808 1471 74
462 2936 39
416 2463 39
946 2884 16
601 3421 70
833 8904 65
298 3154 53
703 1510 93
265 5449 39
567 187 2
786 5427 79
408 7065 96
318 1820 82
420 6697 18
228 832 95
742 1068 53
839 8462 29
719 2517 32
223 9394 80
694 4364 11
780 3468 72
536 2089 50
970 4826 79
752 212 90
467 2334 4
234 7614 99
867 1149 81
640 6439 5
21 8088 39
332 9359 43
133 5885 31
164 8587 80
752 9983 94
837 1727 10
41 1657 21
270 3705 38
502 7694 4
264 7416 28
799 1351 99
979 3923 75
462 7000 91
477 8694 99
548 8672 98
677 7781 56
266 8640 97
234 3011 90
494 1404 35
421 143 42
50 7110 58
73 293 85
398 5983 2
524 1426 56
199 5396 95
347 9301 56
878 3460 32
452 6362 96
410 4713 48
141 2385 85
299 6984 33
586 9803 72
70 5253 41
777 6805 57
829 1065 32
6 9791 5
59 1302 45
431 6230 67
877 2111 32
509 9678 96
61 290 17
485 9535 43
327 2651 65
237 1855 40
548 6197 1
660 1119 52
824 3375 78
10 1648 68
926 268 9
44 1379 100
873 3534 33
712 9297 5
139 6690 1
498 48 23
470 8916 56
761 3685 10
247 2795 8
712 4884 63
656 7944 89
81 4011 86
101 4831 93
725 7774 94
194 1265 76
688 9866 78
250 6104 99
446 5835 85
162 7526 4
231 1276 64
584 5134 52
413 1283 64
30 89 96
597 2109 91
21 4018 92
775 228 15
674 2630 7
308 8852 29
875 6793 87
500 510 92
591 8648 66
279 1553 6
977 315 4
170 8110 84
630 6860 40
670 5096 50
994 8507 12
242 2079 98
629 1961 83
860 5725 100
581 1881 66
799 1070 10
922 631
165 1264 57
404 1541 90
371 6906 37
935 7534 55
686 7418 80
546 2234 76
817 5467 10
616 9212 75
337 3071 48
421 16 54
261 4877 45
215 9778 95
968 8209 25
915 5342 4
493 7728 64
486 1584 19
32 8912 65
930 8394 43
859 9380 94
639 8231 42
540 5164 42
475 7012 6
539 3476 51
447 1355 87
257 8239 50
524 5872 41
801 8480 1
279 1709 30
922 8710 19
788 9000 27
39 6623 26
741 5618 69
893 5279 7
242 4866 1
734 228 45
702 6872 36
838 825 86
398 1069 89
76 5743 58
304 8315 77
803 2183 86
179 642 42
845 1079 82
648 8739 13
672 3750 42
292 969 95
220 1478 71
839 7665 47
797 4353 86
38 6122 71
716 6309 52
97 2073 95
340 242 86
542 3606 91
682 8441 11
200 898 46
695 6252 74
628 3093 34
438 1085 75
757 7948 78
778 7701 93
656 289 19
763 4209 49
272 946 66
421 8761 73
603 3507 69
963 6931 82
713 5473 94
845 3852 14
944 8860 83
494 7724 74
480 1063 97
627 6575 73
227 3351 11
636 9741 51
177 1008 6
630 7366 4
370 4526 56
449 6475 16
83 2477 70
909 4824 83
163 4906 6
514 9528 43
27 7014 81
544 664 77
269 7552 1
806 2019 69
419 6130 63
319 4659 56
267 1576 40
246 8321 44
672 9460 75
123 4267 5
853 8447 36
416 3661 38
851 2361 61
612 5923 75
568 1728 76
656 4718 53
704 8703 94
547 7787 54
729 8319 55
832 7704 83
205 3608 56
345 8605 71
725 1095 48
355 9974 51
108 6784 15
559 9704 7
828 1620 9
197 5477 95
676 4604 8
689 2636 28
191 963 46
133 6898 80
572 2660 89
557 1015 67
510 8089 24
757 776 99
689 8178 24
576 9231 59
558 4306 10
609 6916 69
889 4300 31
92 1504 29
755 923 7
719 4395 54
767 878 83
10 4407 73
297 2162 73
742 2687 10
993 2108 84
614 1583 84
689 5213 48
491 9756 76
513 7591 73
12 8523 79
217 6889 6
744 585 67
96 909 24
550 7381 43
739 4308 93
886 1788 69
969 4726 5
904 5222 37
787 573 26
13 1518 86
764 7725 54
621 2918 96
818 3674 69
257 9057 9
560 4732 14
59 1925 21
168 2634 1
399 526 58
623 9628 7
421 5082 3
897 4381 82
800 6371 24
44 235 97
680 1436 72
494 7505 44
638 9628 16
558 8638 19
857 8463 10
687 3455 30
813 8496 10
475 8442 95
597 6160 5
487 4885 43
340 79 66
382 5630 97
217 1283 24
103 6629 64
581 2026 34
122 708 37
611 9596 31
695 79 83
82 7875 70
756 6632 90
808 1197 96
137 1979 59
968 7286 72
787 1735 9
648 5983 53
72 7977 40
280 9734 2
674 2780 3
911 1107 18
513 4700 28
660 92 13
904 3495 52
830 2122 10
175 3284 46
782 1262 24
959 7583 33
378 387 23
285 1708 22
712 4620 44
363 2618 61
51 2005 97
934 9300 53
936 1120 97
629 3371 10
544 3805 90
616 3536 71
754 3349 49
264 9740 71
241 665 40
434 6961 59
292 152 56
51 7372 51
22 4948 92
875 9891 10
892 3662 96
695 619 81
134 3604 7
253 1814 19
940 9286 42
34 5732 34
962 4418 21
529 6977 1
473 9376 77
149 9210 3
651 8394 4
132 628 38
408 4700 29
410 6710 40
882 3588 42
969 5085 63
579 6599 63
954 4832 76
543 6129 43
431 4414 68
347 531 23
85 5660 14
116 7768 34
438 4733 13
518 8999 75
258 7271 4
979 1218 65
374 5996 97
387 2230 83
273 3651 6
766 9236 94
600 7978 87
740 9699 48
46 4912 62
758 1037 75
312 9530 74
859 3620 65
976 2332 26
573 9664 90
498 2755 78
288 1349 75
474 9724 25
88 8371 79
236 3497 48
771 7824 12
713 2891 29
672 7496 77
156 5145 77
909 1755 91
527 6354 4
921 9260 39
3 2874 86
412 370 25
118 4201 75
581 3038 6
816 9139 38
623 7222 67
472 9774 96
225 6401 19
121 7560 77
599 6613 3
166 8276 3
840 3396 75
807 8793 9
327 219 69
335 8094 47
511 5184 58
625 1037 6
237 4105 76
195 2140 81
41 1924 52
972 27 54
330 9220 100
384 8405 57
229 6989 29
440 8682 9
614 1600 36
787 406 4
349 282 59
190 2665 80
608 2414 11
98 3946 69
16 1710 90
143 161 13
765 1315 99
217 8106 67
418 982 19
536 6586 23
231 5114 18
11 7512 67
594 3709 84
668 7628 16
256 3805 89
363 6999 98
949 5500 96
458 6872 48
879 3359 26
99 2973 61
834 2536 94
112 1846 18
835 1804 30
508 1052 48
798 550 63
127 4304 41
461 5669 39
117 4109 68
681 7073 95
936 5807 87
243 9461 46
673 5406 77
112 9919 12
574 7637 69
987 9753 11
420 8158 91
644 8912 70
966 9051 20
293 9279 56
989 5591 79
940 3400 6
468 7196 55
909 317 16
714 3468 32
615 8526 86
247 9473 69
870 2933 61
311 4676 63
325 6821 7
135 7662 64
795 7799 88
72 5077 52
614 7466 64
773 302 55
435 9175 28
545 5140 19
571 8095 3
602 6475 44
419 527 49
116 5020 86
964 3798 22
764 97 25
217 7303 70
66 6989 7
298 4817 16
46 2036 64
230 9956 9
980 7800 53
534 4185 100
591 6223 20
908 1566 89
163 585 43
594 1901 21
717 6462 46
632 3782 16
925 2724 33
335 8589 23
402 7502 57
282 8359 87
115 6339 41
567 5670 86
887 1364 2
579 2762 55
497 2030 68
956 2240 57
151 348 59
846 8368 21
364 7884 33
456 6917 72
199 4948 82
883 5867 49
90 4810 35
351 7460 29
276 6840 60
888 9646 83
710 8890 64
2 2119 75
964 8751 35
697 5286 18
770 8239 65
398 3201 37
217 2885 56
314 7944 41
585 582 2
357 4060 82
314 7403 97
714 1468 71
725 5847 40
483 9521 69
524 6188 74
354 297 49
998 1660 62
108 9095 31
457 1858 61
143 786 94
883 8641 17
948 5937 35
567 5993 80
133 1232 10
837 4637 8
846 2579 98
644 7346 95
405 2610 96
25 944 67
794 6244 7
599 9691 38
864 3474 42
541 3950 30
457 8778 85
385 5421 76
388 4089 25
519 7563 65
931 6753 79
589 8614 12
935 6805 37
690 1559 45
804 653 60
453 9481 55
946 952 36
929 8892 22
2 3762 71
783 67 14
440 9732 82
304 4951 28
675 113 100
983 7775 26
343 485 1
176 1812 98
589 8293 67
957 2380 34
918 6543 79
259 8157 34
501 2142 33
362 2206 79
176 3914 5
336 6372 93
228 7917 58
942 2371 74
777 2698 90
776 7951 30
727 9408 98
829 3367 30
943 6947 39
225 420 18
742 752 35
763 3050 8
59 1772 16
563 8597 5
112 5033 50
20 8608 92
456 7586 28
625 13 3
53 2712 81
889 9274 13
450 736 32
193 700 20
901 6011 8
63 5891 68
139 5484 10
127 6704 77
399 4165 30
265 6414 75
547 4469 23
742 8614 52
12 8640 82
704 47 15
798 7323 97
479 3375 58
38 903 57
57 1431 17
283 5392 16
822 1318 4
939 8435 91
440 8660 29
410 8829 79
323 2481 51
191 3462 50
107 1432 65
158 7862 3
646 1414 60
289 8214 6
833 2681 64
548 7266 30
869 81 75
244 6284 94
867 2314 37
554 916 100
18 2499 33
945 45 59
922 504 43
131 8255 82
688 3966 12
43 7992 43
979 8903 61
922 410 59
54 3582 46
804 9376 79
952 6142 35
278 5391 88
111 6954 30
55 443 52
472 6256 21
830 9322 59
440 9115 63
54 715 30
593 8285 90
245 4175 55
50 7676 22
85 1036 47
532 4601 10
264 5323 2
266 2676 98
174 8255 71
98 508 84
934 1967 27
686 992 85
166 581 80
53 4986 60
943 8202 29
178 6885 37
336 6976 80
784 5123 31
864 1814 12
548 3572 88
473 2102 61
202 7950 19
205 1157 82
315 9743 12
133 390 77
544 3906 93
264 1213 93
927 1435 5
96 5200 31
331 4598 45
354 9184 72
972 1047 73
399 8143 72
58 1209 52
777 1808 11
80 3725 13
680 1977 17
496 692 4
969 3027 100
567 4150 21
439 1945 81
23 8416 79
966 4210 34
139 1202 14
92 1292 82
94 8690 21
832 8520 15
497 2264 50
666 299 61
265 1406 29
984 6953 61
666 8220 21
784 3943 18
280 7260 78
115 3199 37
230 9487 53
318 9227 93
618 1508 95
812 9500 61
823 3868 79
960 3422 90
785 4272 46
352 3836 58
420 6992 68
135 8583 34
297 8385 40
740 26 93
892 6602 37
217 9909 34
533 6210 77
49 2310 65
117 5011 43
358 9278 92
442 6413 2
868 9828 64
261 7424 34
277 9224 48
184 7660 69
231 1959 72
384 1686 97
894 2246 77
140 1297 88
316 543 24
738 9933 86
825 6084 85
403 3368 73
92 9952 51
927 1544 91
583 6630 93
236 3563 68
619 4437 39
968 5092 36
824 1245 33
300 3158 90
574 4597 38
368 8704 1
717 1403 18
935 1677 60
279 4275 6
630 3308 34
384 6345 37
956 491 68
913 8667 86
301 1845 86
264 53 88
881 3725 52
808 9659 65
819 4624 13
194 3073 70
57 1726 83
635 2767 90
366 1141 54
276 2089 28
187 7652 76
325 5537 91
429 454
88 5892 45
810 1540 11
840 6904 92
801 5116 17
388 7913 15
475 2158 4
124 2251 92
72 9497 6
691 1688 22
772 4650 73
776 6029 14
812 286 41
400 738 76
358 7828 68
46 9947 76
797 4247 35
172 4316 79
878 925 2
210 1383 23
195 7695 75
852 5096 3
473 7798 89
821 8826 27
248 7085 63
947 8994 19
345 7530 16
479 2332 24
613 7859 59
369 6206 97
574 268 42
986 6113 27
954 7673 89
692 9728 32
713 7970 20
684 7271 27
779 631 86
149 2428 71
421 3538 79
564 8221 72
840 4818 64
357 3391 28
991 2924 97
472 7286 60
363 3768 5
536 3086 4
337 3687 87
614 5166 29
103 8894 99
915 7902 98
881 5839 75
681 1149 66
776 5385 1
154 7620 98
647 9343 96
117 7834 98
358 5835 25
260 9582 99
879 9195 63
382 4402 1
798 2864 78
505 1601 49
596 2016 23
261 9962 53
2 1145 65
60 2293 39
854 8287 32
948 9777 20
792 5191 67
229 1311 49
509 7990 83
139 5913 67
18 6539 13
938 9598 92
414 6753 5
451 6167 7
756 1758 38
663 9016 70
366 6226 81
66 5770 14
299 8764 5
818 9941 3
142 1948 80
456 9385 8
259 1189 27
51 204 81
230 1828 48
937 7457 14
106 7814 51
371 2541 64
149 9723 27
914 7181 32
852 36 76
236 8752 54
400 2151 68
961 4486 66
359 9482 30
176 6300 45
969 1393 42
312 8190 5
265 869 88
358 9579 77
338 2292 29
290 2888 75
118 7309 89
898 1116 60
610 6083 78
824 4522 19
774 5318 54
275 5848 83
783 2779 11
492 4998 86
87 9479 47
402 2218 52
869 7578 10
351 6757 61
295 1434 33
313 7049 93
799 495 33
896 8421 1
733 4501 39
361 6904 91
43 6564 67
870 7493 79
865 3847 40
712 7777 94
915 3928 61
39 783 28
912 4598 96
330 2605 87
666 3969 15
656 8374 32
301 9320 49
878 7847 16
996 5682 44
271 5808 9
413 2975 84
468 7970 66
249 8632 24
367 2454 87
114 3402 44
413 3736 29
643 3147 56
404 7961 47
307 937 83
115 5733 20
606 3298 100
614 487 92
210 1409 39
786 2419 80
24 279 20
194 8864 21
614 1648 43
6 9223 38
554 6012 43
311 4258 99
906 2194 94
398 4396 55
629 925 37
30 9052 81
382 4372 27
128 4047 79
497 1543 51
669 8913 90
757 5624 22
911 9564 28
898 3257 5
764 1515 25
79 3658 82
202 2167 98
181 970 86
897 6626 1
920 7313 68
429 1197 59
330 1290 41
360 2717 11
96 7306 87
333 701 3
609 8524 76
302 4361 3
620 448 73
631 3409 61
762 3043 93
688 4328 87
422 3744 77
474 6961 87
384 9372 81
807 9117 76
265 2556 38
534 1626 25
55 252 81
822 4133 42
88 957 11
412 987 31
350 4651 41
702 4951 90
400 4445 23
119 1009 20
950 880 3
800 1487 55
355 5445 59
186 2164 94
892 7439 36
964 1960 43
623 708 66
755 4050 30
716 863 42
346 6425 67
654 3184 97
824 1018 86
703 3216 2
671 9346 52
519 1313 3
552 8252 52
966 7580 51
585 2231 90
965 4012 79
164 6799 38
807 4028 71
893 7500 89
910 7533 47
208 6387 94
191 9342 92
191 1042 75
647 2471 64
716 6393 35
290 2677 82
683 9889 74
519 8336 40
479 1295 25
847 3041 15
764 7382 79
314 1464 47
829 2865 84
512 5695 51
627 8863 54
263 5130 14
831 6477 69
233 2452 82
697 6421 50
316 213 68
587 2565 36
422 645 71
711 1274 60
648 812 37
797 2475 46
842 4074 79
213 164 64
114 1644 8
870 4632 9
805 676 1
609 3096 47
560 7613 3
747 4590 56
367 9163 87
34 6666 88
811 5773 90
969 3519 2
555 12 33
205 917 76
81 2200 1
46 5134 85
541 1154 97
159 2727 20
859 2507 3
75 1157 12
575 9476 35
139 7071 41
169 4475 32
944 2726 36
569 3567 70
566 4681 78
483 3232 19
783 438 42
175 4628 74
688 3161 78
202 1944 92
925 1671 98
88 709 4
21 358 87
37 105 15
78 8341 74
468 555 28
732 6154 55
848 101 62
864 1588 11
630 3771 61
830 8071 100
627 1988 50
794 2072 64
490 9897 87
667 7948 29
736 3293 79
886 69 11
9 9100 20
377 2921 79
727 9175 5
723 3144 44
259 4756 59
798 4576 6
349 527 44
159 2646 99
900 3113 93
64 7821 73
386 6890 56
732 6180 46
779 9526 41
833 2887 52
354 4525 58
578 8103 40
959 1524 11
576 9687 84
40 4361 10
205 6718 60
59 5450 39
773 2408 39
390 8492 18
743 1724 89
355 5221 31
484 4193 45
279 5446 62
745 5434 73
384 580 67
669 2991 89
649 9528 80
677 6477 83
17 4919 72
395 6310 72
254 8035 90
271 8612 34
915 1897 60
99 394 7
26 7423 50
84 8917 91
498 7994 56
351 9865 41
322 3498 10
986 552 78
456 5777 25
883 1052 52
731 9027 64
402 260 37
966 8561 27
30 5198 91
488 2583 92
595 6074 12
482 458 87
516 1388 28
553 331 8
952 479 96
872 6962 57
715 1374 61
249 282 3
68 1742 70
859 4693 34
316 3540 44
670 8400 58
340 4797 18
358 3579 27
612 8645 87
607 4391 55
677 6558 53
230 729 41
811 1797 2
641 4418 58
943 7050 87
587 3738 78
707 9477 60
490 5176 69
953 3530 18
536 4365 84
308 9280 80
635 2739 83
662 3302 55
183 2482 29
959 3043 88
120 7208 49
520 865 61
48 3985 92
946 3644 73
81 1048 76
299 6164 3
836 2139 50
363 3367 5
846 8296 6
404 43 10
485 1572 40
447 5349 42
95 5294 3
411 6606 3
312 6976 34
708 2014 28
554 7820 82
526 737 62
142 8237 3
204 7081 9
849 5888 81
431 5390 92
720 8336 64
837 5497 26
619 7245 45
272 1536 100
58 9588 74
855 2987 98
890 836 93
94 2452 1
633 6416 81
756 9550 66
198 9414 97
179 3068 95
711 7751 69
318 7986 92
8 9501 7
439 2692 23
927 5286 39
692 8564 8
985 1097 61
89 6906 37
237 4936 8
174 729 58
203 7944 81
666 8007 27
720 3933 96
555 1449 42
928 1097 49
634 5811 4
618 876 82
753 1102 73
219 1330 41
630 7880 52
167 1174 30
492 5870 9
269 3759 6
281 2981 46
933 3516 15
697 5845 62
233 1918 80
49 230 16
436 7651 22
700 8455 31
122 1880 40
469 1107 19
294 1254 3
392 4245 59
43 3058 59
574 1271 35
312 8939 31
15 9997 16
175 724 50
923 7042 51
194 3515 58
810 248 65
259 9208 98
728 9009 16
676 2971 63
378 158
590 2625 70
22 9209 96
379 6106 84
773 4431 5
733 4375 91
199 5858 97
81 298 98
111 5312 14
760 6367 85
148 3170 83
731 1179 2
62 2820 19
926 3384 66
671 7193 94
878 7200 2
413 1192 34
93 8357 87
306 1678 85
455 6565 68
509 9361 81
879 8349 45
365 5678 8
819 1489 60
451 2531 75
147 8995 25
912 6097 52
837 1150 83
511 1938 29
895 9671 29
68 9534 79
368 4070 38
535 6984 49
540 4445 56
159 3922 53
471 9694 7
44 8488 56
995 5548 40
728 284 80
699 2663 85
187 2594 58
38 5674 80
351 5132 83
948 5523 78
831 3639 95
168 3510 14
898 9964 29
466 789 51
893 5519 35
49 8199 21
379 4558 91
486 7932 47
768 1991 37
420 67 8
198 4808 80
763 1906 3
574 6096 8
602 4851 49
242 4733 11
363 6464 57
51 1878 90
908 6598 36
110 2797 23
247 8276 42
461 5838 47
108 946 42
39 9838 98
885 7574 6
560 5139 84
253 8258 31
166 5084 38
424 2680 70
59 7217 35
148 8013 82
127 6751 68
12 1565 16
643 4610 82
798 9764 89
936 5579 22
601 4395 68
287 5017 82
266 543 4
240 6557 28
905 4676 57
228 2717 87
874 792 79
104 6100 90
588 3569 53
489 2615 54
261 1751 10
526 1645 52
587 6976 36
262 9918 38
328 4416 44
488 7539 74
755 9232 87
537 5986 42
254 2363 84
933 3717 22
612 2651 17
481 8104 38
532 7939 6
235 9818 10
946 6947 19
175 5413 56
242 5809 26
605 6306 39
755 3313 36
114 6158 53
550 3977 96
267 4638 23
865 9930 54
98 5982 8
898 7349 28
751 979 49
266 6483 38
1000 3240 94
32 3330 40
205 4697 47
189 1047 54
868 9183 7
12 1304 35
243 3578 15
519 7094 94
326 3619 1
434 8718 21
2 1864 2
998 2128 36
178 7135 71
250 5150 11
139 2015 37
765 1395 24
638 7072 92
320 2004 28
758 749 34
529 6930 90
894 1303 32
248 4317 52
775 1775 15
666 6647 69
691 210 98
89 9966 65
314 9981 16
421 3098 5
815 5991 47
335 1715 20
105 1895 22
240 450 48
796 2306 42
775 9705 65
564 9056 54
591 1628 50
830 9712 69
823 2414 13
593 4204 27
822 9706 85
494 9276 3
44 8776 92
628 6118 39
